16000	0	0.1524	55.5	0.00172668	112.803
400	0	0.3048	31.7	0.00331266	125.045
1600	4.2	0.0508	71.3	0.00142788	124.318
1000	12.6	0.1524	71.3	0.0483159	122.044
5000	0	0.3048	71.3	0.00266337	121.301
800	12.6	0.1524	71.3	0.0483159	123.054
630	3	0.3048	71.3	0.00425727	129.354
5000	2	0.2286	31.7	0.00372371	118.267
800	0	0.3048	55.5	0.00283081	128.086
2000	9.9	0.1524	39.6	0.0233328	117.925
10000	7.2	0.1524	71.3	0.00752039	110.313
630	4	0.2286	71.3	0.00400603	129.038
8000	3	0.3048	39.6	0.00495741	110.652
2000	2.7	0.1524	39.6	0.00294804	128.139
8000	4	0.2286	55.5	0.0042862	112.524
3150	4	0.2286	71.3	0.00400603	124.108
200	12.6	0.1524	71.3	0.0483159	128.354
5000	7.2	0.1524	39.6	0.00909175	113.288
2000	2.7	0.1524	71.3	0.00243851	130.114
3150	1.5	0.3048	71.3	0.00336729	123.392
1600	3	0.3048	31.7	0.00529514	122.088
2500	7.3	0.2286	31.7	0.0132672	114.709
630	0	0.1524	39.6	0.00193287	124.403
8000	0	0.0508	39.6	0.000791822	128.518
1250	4	0.3048	71.3	0.00497773	129.395
4000	0	0.3048	55.5	0.00283081	121.106
16000	0	0.3048	71.3	0.00266337	108.721
1250	4	0.2286	31.7	0.00509068	128.119
1600	4	0.2286	55.5	0.0042862	128.264
1600	1.5	0.3048	71.3	0.00336729	126.632
800	0	0.2286	55.5	0.00229336	127.53
12500	2.7	0.1524	71.3	0.00243851	113.034
5000	5.3	0.2286	71.3	0.0051942	118.05
6300	9.9	0.1524	31.7	0.0252785	108.689
315	0	0.2286	39.6	0.00253511	121.055
500	2.7	0.1524	39.6	0.00294804	121.009
1250	3	0.3048	31.7	0.00529514	124.838
630	5.3	0.2286	39.6	0.00614329	132.011
12500	1.5	0.3048	39.6	0.00392107	106.111
1600	0	0.2286	71.3	0.00214345	129.134
6300	7.3	0.2286	71.3	0.0104404	115.818
2500	2.7	0.1524	39.6	0.00294804	125.589
500	3	0.3048	55.5	0.00452492	128.179
1000	0	0.3048	31.7	0.00331266	127.365
3150	2.7	0.1524	71.3	0.00243851	127.054
2000	7.2	0.1524	71.3	0.00752039	128.643
5000	5.3	0.2286	39.6	0.00614329	115.311
5000	0	0.3048	55.5	0.00283081	119.606
4000	2	0.2286	39.6	0.00346574	120.227
6300	12.6	0.1524	71.3	0.0483159	107.284
800	7.2	0.1524	39.6	0.00909175	132.358
250	4	0.3048	39.6	0.00579636	123.543
2500	0	0.0508	71.3	0.000740478	131.31
6300	5.4	0.1524	55.5	0.00433288	117.287
4000	0	0.0508	71.3	0.000740478	134.43
630	2.7	0.1524	39.6	0.00294804	125.809
6300	2.7	0.1524	71.3	0.00243851	121.944
500	12.6	0.1524	71.3	0.0483159	121.664
4000	4	0.2286	71.3	0.00400603	121.728
10000	0	0.0508	71.3	0.000740478	128.74
8000	0	0.1524	39.6	0.00193287	120.553
3150	0	0.1524	55.5	0.00172668	127.753
630	12.6	0.1524	71.3	0.0483159	123.304
3150	0	0.1524	31.7	0.00209405	124.207
10000	1.5	0.3048	71.3	0.00336729	113.492
2000	3	0.3048	55.5	0.00452492	123.069
3150	0	0.3048	39.6	0.00310138	120.319
6300	0	0.0508	55.5	0.00076193	132.796
1600	9.9	0.1524	71.3	0.0193001	121.789
4000	7.3	0.2286	31.7	0.0132672	112.639
1600	0	0.3048	31.7	0.00331266	122.365
5000	7.3	0.2286	39.6	0.0123481	111.959
500	4	0.3048	71.3	0.00497773	130.715
3150	4	0.3048	71.3	0.00497773	121.775
1250	0	0.3048	39.6	0.00310138	125.499
2000	9.9	0.1524	71.3	0.0193001	120.779
5000	4	0.3048	39.6	0.00579636	113.733
250	7.3	0.2286	31.7	0.0132672	130.089
4000	3	0.3048	39.6	0.00495741	116.792
3150	5.3	0.2286	39.6	0.00614329	118.441
2000	4	0.2286	71.3	0.00400603	126.218
4000	5.4	0.1524	31.7	0.00525474	116.181
500	1.5	0.3048	39.6	0.00392107	126.661
400	0	0.2286	55.5	0.00229336	121.66
12500	2.7	0.1524	39.6	0.00294804	108.649
800	9.9	0.1524	55.5	0.0208438	126.565
1000	1.5	0.3048	71.3	0.00336729	125.992
2500	0	0.3048	55.5	0.00283081	124.106
2500	5.4	0.1524	71.3	0.00401199	127.591
6300	2	0.2286	55.5	0.00313525	118.712
800	4	0.3048	71.3	0.00497773	131.755
2500	0	0.3048	31.7	0.00331266	120.755
250	9.9	0.1524	39.6	0.0233328	128.335
8000	3	0.3048	71.3	0.00425727	114.634
500	7.3	0.2286	71.3	0.0104404	136.798
1600	0	0.0508	71.3	0.000740478	129.68
3150	7.3	0.2286	31.7	0.0132672	113.229
6300	4	0.2286	55.5	0.0042862	117.154
5000	5.4	0.1524	39.6	0.00485029	117.037
2000	4	0.3048	39.6	0.00579636	120.963
5000	9.9	0.1524	55.5	0.0208438	112.065
2000	9.9	0.1524	31.7	0.0252785	116.859
4000	5.3	0.2286	71.3	0.0051942	120.33
400	5.4	0.1524	71.3	0.00401199	124.121
6300	2	0.2286	31.7	0.00372371	115.137
5000	3	0.3048	31.7	0.00529514	113.858
2500	2	0.2286	55.5	0.00313525	123.862
2000	9.9	0.1524	55.5	0.0208438	119.505
800	5.3	0.2286	71.3	0.0051942	133.48
630	5.3	0.2286	71.3	0.0051942	131.8
2500	4.2	0.0508	39.6	0.00152689	133.847
2500	5.3	0.2286	39.6	0.00614329	116.151
4000	0	0.1524	71.3	0.0015988	128.857
400	12.6	0.1524	39.6	0.0584113	115.91
1600	0	0.0508	31.7	0.000812164	131.01
800	0	0.3048	71.3	0.00266337	126.201
1600	2	0.2286	71.3	0.00293031	127.796
315	5.3	0.2286	39.6	0.00614329	129.691
2000	2	0.2286	31.7	0.00372371	123.037
1000	0	0.0508	55.5	0.00076193	125.586
1000	3	0.3048	39.6	0.00495741	128.312
6300	3	0.3048	39.6	0.00495741	114.042
200	9.9	0.1524	55.5	0.0208438	131.955
500	3	0.3048	39.6	0.00495741	127.632
250	5.3	0.2286	39.6	0.00614329	127.011
3150	0	0.2286	39.6	0.00253511	124.625
1250	2.7	0.1524	39.6	0.00294804	130.829
5000	0	0.0508	39.6	0.000791822	134.308
4000	0	0.0508	31.7	0.000812164	134.11
2500	0	0.1524	55.5	0.00172668	127.763
630	2	0.2286	55.5	0.00313525	126.842
6300	4	0.3048	71.3	0.00497773	116.165
800	0	0.3048	39.6	0.00310138	129.099
1000	0	0.2286	55.5	0.00229336	128.29
800	0	0.2286	31.7	0.0027238	130.725
3150	0	0.0508	31.7	0.000812164	135.49
6300	2	0.2286	71.3	0.00293031	120.786
1250	0	0.3048	31.7	0.00331266	124.355
500	0	0.2286	31.7	0.0027238	126.675
1250	5.4	0.1524	39.6	0.00485029	127.117
630	2.7	0.1524	71.3	0.00243851	127.404
800	5.3	0.2286	39.6	0.00614329	129.491
1000	9.9	0.1524	31.7	0.0252785	122.149
2000	0	0.3048	71.3	0.00266337	127.461
1250	0	0.1524	31.7	0.00209405	131.467
2000	12.6	0.1524	71.3	0.0483159	117.504
1600	2	0.2286	55.5	0.00313525	126.752
1000	2	0.2286	31.7	0.00372371	130.307
400	3	0.3048	55.5	0.00452492	126.159
2500	9.9	0.1524	39.6	0.0233328	116.295
3150	7.3	0.2286	55.5	0.0111706	117.134
1000	5.4	0.1524	55.5	0.00433288	132.127
5000	1.5	0.3048	71.3	0.00336729	119.632
800	2	0.2286	31.7	0.00372371	130.307
2000	2	0.2286	55.5	0.00313525	124.612
1250	0	0.0508	31.7	0.000812164	129.27
1600	5.3	0.2286	71.3	0.0051942	130.46
400	0	0.2286	39.6	0.00253511	123.565
500	5.3	0.2286	71.3	0.0051942	129.88
8000	0	0.3048	71.3	0.00266337	117.151
8000	0	0.3048	31.7	0.00331266	110.515
800	0	0.0508	55.5	0.00076193	124.336
1250	7.3	0.2286	31.7	0.0132672	120.509
1250	0	0.2286	71.3	0.00214345	128.144
8000	3	0.3048	55.5	0.00452492	113.799
2000	0	0.1524	71.3	0.0015988	128.647
10000	4.2	0.0508	39.6	0.00152689	116.967
8000	2.7	0.1524	39.6	0.00294804	116.659
3150	5.4	0.1524	31.7	0.00525474	118.291
3150	0	0.3048	55.5	0.00283081	123.236
8000	4.2	0.0508	39.6	0.00152689	120.397
1250	5.3	0.2286	39.6	0.00614329	125.721
4000	9.9	0.1524	55.5	0.0208438	112.945
1600	5.4	0.1524	71.3	0.00401199	133.241
1250	2.7	0.1524	71.3	0.00243851	130.144
2000	0	0.1524	55.5	0.00172668	129.673
4000	0	0.1524	31.7	0.00209405	123.807
2000	0	0.3048	55.5	0.00283081	126.616
2500	3	0.3048	55.5	0.00452492	122.439
12500	0	0.3048	55.5	0.00283081	111.076
8000	2	0.2286	71.3	0.00293031	115.996
5000	2.7	0.1524	39.6	0.00294804	121.499
2500	1.5	0.3048	71.3	0.00336729	124.512
2500	0	0.1524	71.3	0.0015988	128.127
2500	0	0.3048	71.3	0.00266337	125.571
10000	5.3	0.2286	71.3	0.0051942	111.35
200	9.9	0.1524	39.6	0.0233328	127.315
2500	5.4	0.1524	55.5	0.00433288	124.077
6300	4.2	0.0508	39.6	0.00152689	125.717
800	2.7	0.1524	71.3	0.00243851	127.394
1000	4	0.2286	39.6	0.00473801	129.969
3150	0	0.1524	71.3	0.0015988	129.377
4000	0	0.1524	55.5	0.00172668	127.233
500	0	0.1524	55.5	0.00172668	120.573
1000	5.4	0.1524	31.7	0.00525474	128.241
2000	0	0.1524	39.6	0.00193287	129.633
1600	9.9	0.1524	39.6	0.0233328	118.545
800	0	0.3048	31.7	0.00331266	129.235
6300	0	0.3048	55.5	0.00283081	117.976
1000	5.4	0.1524	71.3	0.00401199	133.201
800	4	0.2286	39.6	0.00473801	130.469
500	3	0.3048	31.7	0.00529514	127.548
200	7.3	0.2286	71.3	0.0104404	138.758
3150	7.2	0.1524	39.6	0.00909175	111.818
2000	4	0.2286	39.6	0.00473801	121.659
1000	7.3	0.2286	55.5	0.0111706	125.194
5000	0	0.3048	31.7	0.00331266	115.645
400	0	0.3048	39.6	0.00310138	124.809
630	7.3	0.2286	71.3	0.0104404	133.768
3150	2	0.2286	39.6	0.00346574	121.627
1000	4	0.2286	55.5	0.0042862	132.134
800	7.3	0.2286	39.6	0.0123481	126.299
2500	0	0.2286	39.6	0.00253511	125.025
10000	0	0.1524	71.3	0.0015988	120.247
6300	0	0.0508	39.6	0.000791822	131.918
800	5.4	0.1524	31.7	0.00525474	131.491
12500	0	0.1524	55.5	0.00172668	117.093
1000	2	0.2286	39.6	0.00346574	129.147
315	7.3	0.2286	71.3	0.0104404	139.808
1250	9.9	0.1524	31.7	0.0252785	118.619
2500	0	0.0508	39.6	0.000791822	134.938
3150	5.4	0.1524	39.6	0.00485029	119.137
3150	4	0.2286	31.7	0.00509068	120.229
2500	0	0.1524	31.7	0.00209405	125.867
2500	2	0.2286	39.6	0.00346574	121.397
4000	1.5	0.3048	71.3	0.00336729	121.762
3150	4.2	0.0508	39.6	0.00152689	133.587
500	0	0.2286	55.5	0.00229336	123.78
5000	0	0.1524	55.5	0.00172668	125.203
2000	4.2	0.0508	71.3	0.00142788	129.848
5000	9.9	0.1524	39.6	0.0233328	111.135
630	9.9	0.1524	55.5	0.0208438	127.315
1000	7.3	0.2286	31.7	0.0132672	119.099
5000	3	0.3048	71.3	0.00425727	118.134
400	2	0.2286	71.3	0.00293031	125.116
2500	2.7	0.1524	71.3	0.00243851	128.334
2500	7.2	0.1524	71.3	0.00752039	124.353
630	7.3	0.2286	39.6	0.0123481	128.929
10000	0	0.3048	71.3	0.00266337	115.391
400	9.9	0.1524	39.6	0.0233328	128.345
400	7.3	0.2286	55.5	0.0111706	135.924
10000	4	0.2286	71.3	0.00400603	113.108
1600	0	0.1524	55.5	0.00172668	130.183
1250	0	0.2286	39.6	0.00253511	129.395
1000	4.2	0.0508	39.6	0.00152689	125.647
5000	0	0.2286	39.6	0.00253511	122.175
1000	0	0.1524	39.6	0.00193287	130.033
250	9.9	0.1524	71.3	0.0193001	135.329
800	4	0.3048	39.6	0.00579636	130.723
1600	7.3	0.2286	55.5	0.0111706	123.354
16000	0	0.1524	71.3	0.0015988	113.297
400	12.6	0.1524	71.3	0.0483159	127.094
630	0	0.2286	39.6	0.00253511	128.705
800	8.4	0.0508	71.3	0.00529514	127.556
2500	7.2	0.1524	39.6	0.00909175	117.478
250	9.9	0.1524	31.7	0.0252785	128.559
4000	5.4	0.1524	39.6	0.00485029	117.137
4000	4	0.2286	39.6	0.00473801	119.159
1600	4	0.2286	31.7	0.00509068	125.229
2500	7.3	0.2286	71.3	0.0104404	122.088
6300	0	0.0508	71.3	0.000740478	133.04
1250	7.3	0.2286	55.5	0.0111706	125.724
1250	1.5	0.3048	71.3	0.00336729	125.872
500	7.3	0.2286	55.5	0.0111706	133.174
10000	2	0.2286	71.3	0.00293031	113.086
12500	0	0.0508	71.3	0.000740478	125.22
10000	7.2	0.1524	39.6	0.00909175	110.868
1250	3	0.3048	55.5	0.00452492	127.329
4000	0	0.2286	55.5	0.00229336	123.41
10000	0	0.2286	71.3	0.00214345	118.134
4000	0	0.0508	39.6	0.000791822	135.308
4000	12.6	0.1524	71.3	0.0483159	108.034
1600	5.4	0.1524	39.6	0.00485029	126.267
250	7.3	0.2286	71.3	0.0104404	139.918
1250	7.2	0.1524	39.6	0.00909175	122.428
2500	0	0.0508	31.7	0.000812164	134.87
400	9.9	0.1524	55.5	0.0208438	131.605
2000	4.2	0.0508	39.6	0.00152689	132.587
800	1.5	0.3048	71.3	0.00336729	127.122
630	2	0.2286	39.6	0.00346574	127.417
2000	4	0.2286	55.5	0.0042862	124.254
1600	0	0.0508	39.6	0.000791822	130.908
1250	0	0.0508	55.5	0.00076193	127.076
6300	4	0.2286	71.3	0.00400603	118.618
6300	5.4	0.1524	71.3	0.00401199	116.411
20000	0	0.2286	71.3	0.00214345	114.474
800	0	0.1524	39.6	0.00193287	127.903
4000	7.2	0.1524	71.3	0.00752039	119.343
1000	0	0.1524	55.5	0.00172668	128.583
315	7.3	0.2286	55.5	0.0111706	136.284
3150	2	0.2286	31.7	0.00372371	121.527
2500	4	0.2286	39.6	0.00473801	119.649
400	4	0.2286	39.6	0.00473801	123.879
5000	0	0.0508	55.5	0.00076193	134.556
2500	2	0.2286	31.7	0.00372371	121.407
1600	12.6	0.1524	39.6	0.0584113	110.78
400	7.2	0.1524	39.6	0.00909175	132.118
3150	12.6	0.1524	71.3	0.0483159	113.334
315	0	0.3048	31.7	0.00331266	122.765
800	3	0.3048	55.5	0.00452492	129.949
10000	0	0.0508	39.6	0.000791822	125.998
250	12.6	0.1524	39.6	0.0584113	115.89
6300	0	0.3048	71.3	0.00266337	119.541
315	9.9	0.1524	55.5	0.0208438	132.355
1000	7.3	0.2286	39.6	0.0123481	122.539
630	3	0.3048	39.6	0.00495741	129.292
630	2	0.2286	31.7	0.00372371	129.057
4000	2	0.2286	71.3	0.00293031	124.086
2500	0	0.1524	39.6	0.00193287	126.863
500	3	0.3048	71.3	0.00425727	128.454
3150	9.9	0.1524	39.6	0.0233328	113.525
8000	0	0.1524	55.5	0.00172668	121.903
6300	0	0.1524	31.7	0.00209405	119.737
630	7.3	0.2286	31.7	0.0132672	126.189
400	7.3	0.2286	71.3	0.0104404	139.438
315	3	0.3048	39.6	0.00495741	123.312
1000	4	0.2286	31.7	0.00509068	129.869
3150	7.2	0.1524	71.3	0.00752039	116.783
1600	4	0.3048	71.3	0.00497773	126.645
400	2	0.2286	39.6	0.00346574	122.147
315	2	0.2286	39.6	0.00346574	120.137
1250	4	0.2286	39.6	0.00473801	128.339
2000	0	0.1524	31.7	0.00209405	128.907
1250	3	0.3048	71.3	0.00425727	127.634
500	4	0.2286	71.3	0.00400603	126.758
4000	0	0.3048	39.6	0.00310138	119.229
400	5.3	0.2286	39.6	0.00614329	131.221
3150	0	0.2286	55.5	0.00229336	125.16
1600	3	0.3048	71.3	0.00425727	126.514
500	0	0.1524	39.6	0.00193287	119.513
400	5.3	0.2286	71.3	0.0051942	127.7
400	7.3	0.2286	31.7	0.0132672	130.269
250	9.9	0.1524	55.5	0.0208438	133.235
400	9.9	0.1524	31.7	0.0252785	128.939
5000	0	0.1524	31.7	0.00209405	122.397
1250	4	0.2286	55.5	0.0042862	131.264
2000	0	0.2286	55.5	0.00229336	126.54
1000	0	0.1524	31.7	0.00209405	130.987
2500	3	0.3048	71.3	0.00425727	124.024
5000	0	0.1524	39.6	0.00193287	123.453
3150	4.2	0.0508	71.3	0.00142788	133.728
2000	0	0.0508	31.7	0.000812164	133.01
315	9.9	0.1524	39.6	0.0233328	128.595
2500	0	0.2286	55.5	0.00229336	126.54
2500	9.9	0.1524	55.5	0.0208438	118.365
315	0	0.2286	55.5	0.00229336	119.54
1600	0	0.3048	39.6	0.00310138	124.049
630	0	0.2286	55.5	0.00229336	126.16
4000	0	0.2286	39.6	0.00253511	123.465
1250	12.6	0.1524	71.3	0.0483159	120.154
250	7.2	0.1524	39.6	0.00909175	127.488
16000	2.7	0.1524	71.3	0.00243851	110.364
4000	4	0.3048	39.6	0.00579636	115.863
1250	2	0.2286	55.5	0.00313525	128.762
500	2	0.2286	71.3	0.00293031	126.486
6300	4.2	0.0508	71.3	0.00142788	129.308
3150	9.9	0.1524	55.5	0.0208438	115.085
630	0	0.2286	31.7	0.0027238	129.465
3150	1.5	0.3048	39.6	0.00392107	119.111
6300	0	0.2286	71.3	0.00214345	122.044
1000	0	0.0508	71.3	0.000740478	129.45
10000	0	0.3048	39.6	0.00310138	112.139
1000	4	0.2286	71.3	0.00400603	131.708
4000	4	0.2286	55.5	0.0042862	120.654
400	7.3	0.2286	39.6	0.0123481	132.039
5000	5.4	0.1524	31.7	0.00525474	115.691
800	7.3	0.2286	31.7	0.0132672	123.209
2500	4.2	0.0508	71.3	0.00142788	131.978
800	9.9	0.1524	71.3	0.0193001	128.879
4000	2.7	0.1524	71.3	0.00243851	126.534
3150	3	0.3048	31.7	0.00529514	118.108
2500	1.5	0.3048	39.6	0.00392107	120.981
1250	1.5	0.3048	39.6	0.00392107	125.211
6300	3	0.3048	71.3	0.00425727	116.134
2000	2	0.2286	71.3	0.00293031	126.896
1250	8.4	0.0508	71.3	0.00529514	132.086
2500	4	0.2286	71.3	0.00400603	124.338
1250	4	0.3048	39.6	0.00579636	126.343
6300	7.3	0.2286	39.6	0.0123481	110.839
630	9.9	0.1524	31.7	0.0252785	126.049
1600	5.3	0.2286	39.6	0.00614329	123.081
8000	0	0.1524	71.3	0.0015988	122.527
8000	7.2	0.1524	39.6	0.00909175	111.588
5000	2	0.2286	71.3	0.00293031	122.816
500	9.9	0.1524	31.7	0.0252785	127.179
1250	0	0.2286	31.7	0.0027238	128.805
2500	12.6	0.1524	39.6	0.0584113	106.88
2000	3	0.3048	71.3	0.00425727	125.524
6300	9.9	0.1524	71.3	0.0193001	112.039
6300	2.7	0.1524	39.6	0.00294804	119.209
2000	12.6	0.1524	39.6	0.0584113	109.52
6300	0	0.2286	39.6	0.00253511	117.465
2500	7.3	0.2286	55.5	0.0111706	118.994
3150	0	0.0508	71.3	0.000740478	135.07

800	1.5	0.3048	39.6	0.00392107	128.831
12500	0	0.2286	71.3	0.00214345	117.624
2000	5.4	0.1524	39.6	0.00485029	124.647
6300	7.3	0.2286	31.7	0.0132672	110.689
500	4	0.2286	31.7	0.00509068	128.939
1600	12.6	0.1524	71.3	0.0483159	120.534
800	2	0.2286	55.5	0.00313525	128.492
3150	2.7	0.1524	39.6	0.00294804	122.919
8000	7.2	0.1524	71.3	0.00752039	113.333
5000	7.3	0.2286	55.5	0.0111706	113.144
400	7.2	0.1524	71.3	0.00752039	130.123
1600	2.7	0.1524	39.6	0.00294804	130.049
400	4	0.3048	71.3	0.00497773	129.575
500	2	0.2286	31.7	0.00372371	126.677
200	9.9	0.1524	31.7	0.0252785	127.299
8000	4	0.2286	71.3	0.00400603	112.848
12500	0	0.0508	31.7	0.000812164	119.07
2000	0	0.3048	39.6	0.00310138	123.689
315	9.9	0.1524	71.3	0.0193001	135.459
500	0	0.1524	31.7	0.00209405	121.617
6300	5.4	0.1524	39.6	0.00485029	116.677
5000	5.4	0.1524	55.5	0.00433288	118.757
5000	2.7	0.1524	71.3	0.00243851	124.364
2500	0	0.2286	31.7	0.0027238	123.445
2500	0	0.0508	55.5	0.00076193	133.956
6300	0	0.0508	31.7	0.000812164	130.34
1600	0	0.1524	39.6	0.00193287	131.013
1250	7.3	0.2286	39.6	0.0123481	123.189
1600	0	0.2286	39.6	0.00253511	127.095
1600	0	0.1524	31.7	0.00209405	130.817
630	5.4	0.1524	55.5	0.00433288	131.807
6300	0	0.1524	39.6	0.00193287	121.313
1000	3	0.3048	55.5	0.00452492	129.329
8000	0	0.0508	71.3	0.000740478	130.89
2500	0	0.2286	71.3	0.00214345	128.354
3150	4	0.2286	39.6	0.00473801	120.419
12500	0	0.3048	39.6	0.00310138	109.619
10000	0	0.1524	39.6	0.00193287	115.413
3150	0	0.2286	71.3	0.00214345	127.834
800	0	0.0508	71.3	0.000740478	130.96
1600	4	0.2286	39.6	0.00473801	125.319
400	2	0.2286	31.7	0.00372371	123.417
8000	5.3	0.2286	71.3	0.0051942	114.9
10000	3	0.3048	55.5	0.00452492	112.169
6300	9.9	0.1524	55.5	0.0208438	110.555
800	3	0.3048	71.3	0.00425727	129.494
5000	0	0.2286	71.3	0.00214345	124.304
5000	4	0.2286	55.5	0.0042862	120.034
1600	4	0.3048	39.6	0.00579636	123.213
12500	4	0.3048	71.3	0.00497773	107.405
630	5.4	0.1524	71.3	0.00401199	128.971
1000	8.4	0.0508	71.3	0.00529514	129.946
5000	5.4	0.1524	71.3	0.00401199	120.061
6300	12.6	0.1524	39.6	0.0584113	103.38
1000	2.7	0.1524	71.3	0.00243851	128.774
1600	5.4	0.1524	55.5	0.00433288	130.567
8000	4.2	0.0508	71.3	0.00142788	125.268
2500	4	0.2286	31.7	0.00509068	120.209
10000	0	0.3048	55.5	0.00283081	113.076
1000	4	0.3048	71.3	0.00497773	131.015
800	5.4	0.1524	55.5	0.00433288	133.097
4000	0	0.1524	39.6	0.00193287	125.343
10000	4	0.3048	71.3	0.00497773	110.905
2000	5.3	0.2286	39.6	0.00614329	117.911
3150	5.4	0.1524	71.3	0.00401199	123.311
10000	1.5	0.3048	39.6	0.00392107	108.991
200	9.9	0.1524	71.3	0.0193001	134.319
6300	5.4	0.1524	31.7	0.00525474	115.591
630	0	0.3048	55.5	0.00283081	127.696
5000	12.6	0.1524	71.3	0.0483159	108.034
500	0	0.3048	55.5	0.00283081	126.416
5000	0	0.2286	31.7	0.0027238	120.505
5000	4.2	0.0508	71.3	0.00142788	132.828
1600	0	0.3048	55.5	0.00283081	126.986
3150	5.4	0.1524	55.5	0.00433288	121.587
2000	0	0.2286	71.3	0.00214345	128.244
5000	7.3	0.2286	31.7	0.0132672	111.029
5000	3	0.3048	55.5	0.00452492	117.309
10000	0	0.3048	31.7	0.00331266	108.265
2500	4	0.3048	71.3	0.00497773	123.775
630	0	0.3048	31.7	0.00331266	129.095
8000	0	0.3048	39.6	0.00310138	114.779
10000	0	0.1524	55.5	0.00172668	119.253
4000	5.4	0.1524	55.5	0.00433288	119.737
2500	5.4	0.1524	39.6	0.00485029	120.497
800	0	0.1524	55.5	0.00172668	126.713
1000	3	0.3048	31.7	0.00529514	126.838
2000	1.5	0.3048	71.3	0.00336729	126.642
500	4	0.3048	39.6	0.00579636	130.173
400	9.9	0.1524	71.3	0.0193001	135.079
2000	0	0.3048	31.7	0.00331266	122.375
1250	0	0.3048	55.5	0.00283081	126.086
200	0	0.3048	31.7	0.00331266	117.195
1600	9.9	0.1524	31.7	0.0252785	117.119
315	7.3	0.2286	39.6	0.0123481	132.149
1600	4	0.2286	71.3	0.00400603	129.468
16000	1.5	0.3048	71.3	0.00336729	106.582
1000	0	0.3048	39.6	0.00310138	127.899
1600	0	0.2286	55.5	0.00229336	126.79
1250	5.3	0.2286	71.3	0.0051942	133.38
4000	2	0.2286	55.5	0.00313525	122.232
2000	3	0.3048	31.7	0.00529514	120.088
3150	4	0.3048	39.6	0.00579636	118.743
4000	0	0.3048	31.7	0.00331266	118.145
6300	1.5	0.3048	71.3	0.00336729	118.122
1000	2.7	0.1524	39.6	0.00294804	130.589
1250	7.3	0.2286	71.3	0.0104404	127.358
250	4	0.3048	71.3	0.00497773	126.395
4000	0	0.3048	71.3	0.00266337	123.061
12500	0	0.3048	71.3	0.00266337	112.241
8000	2.7	0.1524	71.3	0.00243851	120.534
315	12.6	0.1524	39.6	0.0584113	116.02
5000	9.9	0.1524	71.3	0.0193001	114.569
6300	5.3	0.2286	39.6	0.00614329	112.541
1250	9.9	0.1524	55.5	0.0208438	121.635
10000	2.7	0.1524	71.3	0.00243851	116.724
500	9.9	0.1524	55.5	0.0208438	127.815
2000	4	0.2286	31.7	0.00509068	122.089
2000	3	0.3048	39.6	0.00495741	120.532
6300	7.2	0.1524	39.6	0.00909175	112.688
2500	3	0.3048	31.7	0.00529514	119.598
315	7.2	0.1524	71.3	0.00752039	128.713
1000	4	0.3048	39.6	0.00579636	128.723
4000	3	0.3048	71.3	0.00425727	120.264
4000	3	0.3048	31.7	0.00529514	115.608
1250	0	0.3048	71.3	0.00266337	125.951
800	9.9	0.1524	39.6	0.0233328	126.345
8000	0	0.1524	31.7	0.00209405	117.957
4000	1.5	0.3048	39.6	0.00392107	117.741
500	12.6	0.1524	39.6	0.0584113	114.9
630	4	0.2286	31.7	0.00509068	130.349
5000	0	0.3048	39.6	0.00310138	117.789
4000	7.2	0.1524	39.6	0.00909175	114.258
3150	2	0.2286	55.5	0.00313525	123.742
2000	7.3	0.2286	55.5	0.0111706	120.354
10000	4.2	0.0508	71.3	0.00142788	121.238
500	0	0.2286	39.6	0.00253511	126.195
400	4	0.2286	31.7	0.00509068	126.149
250	0	0.3048	31.7	0.00331266	118.595
4000	2	0.2286	31.7	0.00372371	120.527
8000	1.5	0.3048	71.3	0.00336729	115.372
1600	0	0.2286	31.7	0.0027238	125.625
200	7.3	0.2286	39.6	0.0123481	130.989
1250	5.4	0.1524	55.5	0.00433288	130.777
3150	3	0.3048	55.5	0.00452492	120.189
400	3	0.3048	31.7	0.00529514	125.398
1250	9.9	0.1524	71.3	0.0193001	122.679
500	0	0.3048	39.6	0.00310138	126.959
1250	12.6	0.1524	39.6	0.0584113	112.16
6300	3	0.3048	31.7	0.00529514	109.718
630	3	0.3048	31.7	0.00529514	128.698
2000	0	0.0508	39.6	0.000791822	132.918
1250	0	0.0508	39.6	0.000791822	129.148
1000	2	0.2286	71.3	0.00293031	128.956
3150	5.3	0.2286	71.3	0.0051942	123.12
2000	7.3	0.2286	39.6	0.0123481	117.809
1250	2	0.2286	31.7	0.00372371	128.677
4000	9.9	0.1524	31.7	0.0252785	111.459
1000	3	0.3048	71.3	0.00425727	129.004
250	7.3	0.2286	39.6	0.0123481	131.889
2000	0	0.2286	31.7	0.0027238	123.455
1000	7.2	0.1524	71.3	0.00752039	134.273
800	0	0.2286	39.6	0.00253511	130.205
2500	5.3	0.2286	71.3	0.0051942	123.74
5000	4	0.2286	31.7	0.00509068	115.969
1000	9.9	0.1524	39.6	0.0233328	123.835
630	0	0.3048	39.6	0.00310138	128.629
6300	0	0.3048	39.6	0.00310138	116.229
315	2	0.2286	31.7	0.00372371	120.147
500	4	0.2286	55.5	0.0042862	127.314
2000	2	0.2286	39.6	0.00346574	122.797
200	7.3	0.2286	55.5	0.0111706	135.234
800	7.2	0.1524	71.3	0.00752039	136.023
400	5.4	0.1524	55.5	0.00433288	126.807
2500	0	0.3048	39.6	0.00310138	121.399
800	2.7	0.1524	39.6	0.00294804	128.829
800	2	0.2286	71.3	0.00293031	128.216
1250	4	0.2286	71.3	0.00400603	131.718
1600	2.7	0.1524	71.3	0.00243851	130.644
2000	5.4	0.1524	71.3	0.00401199	131.111
500	7.2	0.1524	71.3	0.00752039	132.043
5000	0	0.0508	31.7	0.000812164	133.23
500	9.9	0.1524	71.3	0.0193001	131.279
6300	0	0.1524	55.5	0.00172668	123.303
315	4	0.3048	39.6	0.00579636	126.843
3150	4	0.2286	55.5	0.0042862	122.394
2000	7.3	0.2286	71.3	0.0104404	122.708
630	2	0.2286	71.3	0.00293031	127.356
1000	0	0.3048	71.3	0.00266337	125.201
250	0	0.3048	39.6	0.00310138	119.319
1600	7.3	0.2286	31.7	0.0132672	119.039
5000	7.2	0.1524	71.3	0.00752039	118.343
2000	5.4	0.1524	55.5	0.00433288	128.707
400	3	0.3048	71.3	0.00425727	127.564
800	0	0.1524	71.3	0.0015988	125.817
4000	7.3	0.2286	55.5	0.0111706	117.284
800	0	0.0508	31.7	0.000812164	122.79
3150	7.3	0.2286	71.3	0.0104404	120.458
500	2	0.2286	39.6	0.00346574	125.157
1600	4.2	0.0508	39.6	0.00152689	130.197
6300	0	0.1524	71.3	0.0015988	125.427
1000	0	0.0508	39.6	0.000791822	127.638
500	7.2	0.1524	39.6	0.00909175	132.658
800	7.3	0.2286	71.3	0.0104404	130.748
200	12.6	0.1524	39.6	0.0584113	114.75
630	7.3	0.2286	55.5	0.0111706	130.934
4000	9.9	0.1524	39.6	0.0233328	112.265
6300	5.3	0.2286	71.3	0.0051942	116.92
5000	1.5	0.3048	39.6	0.00392107	116.241
2000	1.5	0.3048	39.6	0.00392107	122.101
800	4	0.2286	71.3	0.00400603	130.688
1250	5.4	0.1524	71.3	0.00401199	134.111
6300	7.2	0.1524	71.3	0.00752039	116.603
400	4	0.3048	39.6	0.00579636	128.633
1250	2	0.2286	71.3	0.00293031	128.816
1000	9.9	0.1524	71.3	0.0193001	126.349
1600	5.4	0.1524	31.7	0.00525474	123.761
1250	4.2	0.0508	39.6	0.00152689	128.427
400	2	0.2286	55.5	0.00313525	122.292
1250	9.9	0.1524	39.6	0.0233328	120.555
5000	2	0.2286	55.5	0.00313525	120.472
5000	4.2	0.0508	39.6	0.00152689	129.777
3150	9.9	0.1524	71.3	0.0193001	116.849
630	7.2	0.1524	71.3	0.00752039	134.853
630	5.4	0.1524	39.6	0.00485029	132.357
800	9.9	0.1524	31.7	0.0252785	125.539
800	12.6	0.1524	39.6	0.0584113	116.56
800	2	0.2286	39.6	0.00346574	129.037
630	4	0.2286	39.6	0.00473801	129.579
250	7.3	0.2286	55.5	0.0111706	136.384
2000	0	0.0508	71.3	0.000740478	131.06
200	0	0.3048	39.6	0.00310138	118.129
4000	0	0.0508	55.5	0.00076193	134.946
4000	7.3	0.2286	71.3	0.0104404	119.208
6300	2	0.2286	39.6	0.00346574	116.417
8000	5.4	0.1524	55.5	0.00433288	114.927
1600	7.3	0.2286	71.3	0.0104404	125.728
800	4	0.2286	31.7	0.00509068	130.869
800	3	0.3048	39.6	0.00495741	129.552
6300	4	0.2286	31.7	0.00509068	112.699
10000	2.7	0.1524	39.6	0.00294804	112.589
5000	0	0.0508	71.3	0.000740478	134.43
12500	1.5	0.3048	71.3	0.00336729	109.222
1000	2	0.2286	55.5	0.00313525	129.002
3150	9.9	0.1524	31.7	0.0252785	112.209
4000	5.3	0.2286	39.6	0.00614329	115.801
5000	2	0.2286	39.6	0.00346574	118.827
10000	3	0.3048	71.3	0.00425727	110.224
6300	3	0.3048	55.5	0.00452492	115.679
500	5.4	0.1524	71.3	0.00401199	126.291
800	0	0.1524	31.7	0.00209405	129.117
5000	0	0.2286	55.5	0.00229336	122.41
1000	5.3	0.2286	71.3	0.0051942	134
315	3	0.3048	31.7	0.00529514	123.118
1000	0	0.0508	31.7	0.000812164	126.78
3150	0	0.1524	39.6	0.00193287	125.603
6300	4	0.2286	39.6	0.00473801	114.249
5000	12.6	0.1524	39.6	0.0584113	104.13
16000	4	0.2286	71.3	0.00400603	112.768
1600	0	0.1524	71.3	0.0015988	129.667
630	12.6	0.1524	39.6	0.0584113	116.55
315	4	0.3048	71.3	0.00497773	128.175
500	9.9	0.1524	39.6	0.0233328	126.835
20000	4	0.2286	71.3	0.00400603	109.638
630	3	0.3048	55.5	0.00452492	129.569
1000	7.3	0.2286	71.3	0.0104404	126.838
2000	4	0.3048	71.3	0.00497773	124.395
1000	0	0.2286	31.7	0.0027238	130.595
1250	0	0.0508	71.3	0.000740478	128.56
12500	0	0.0508	39.6	0.000791822	123.988
2500	3	0.3048	39.6	0.00495741	120.162
630	4	0.2286	55.5	0.0042862	129.964
5000	9.9	0.1524	31.7	0.0252785	109.949
630	9.9	0.1524	39.6	0.0233328	126.465
315	9.9	0.1524	31.7	0.0252785	128.809
1600	2	0.2286	39.6	0.00346574	125.837
1250	3	0.3048	39.6	0.00495741	125.802
5000	4	0.3048	71.3	0.00497773	117.785
4000	4	0.2286	31.7	0.00509068	118.859
1000	0	0.1524	71.3	0.0015988	127.307
4000	0	0.2286	31.7	0.0027238	122.035
500	2	0.2286	55.5	0.00313525	124.692
5000	4	0.2286	39.6	0.00473801	117.649
6300	0	0.2286	31.7	0.0027238	116.815
4000	4.2	0.0508	39.6	0.00152689	131.807
5000	3	0.3048	39.6	0.00495741	115.792
3150	3	0.3048	39.6	0.00495741	118.922
2000	7.2	0.1524	39.6	0.00909175	120.228
5000	4	0.2286	71.3	0.00400603	121.118
2000	0	0.0508	55.5	0.00076193	131.456
2500	4	0.2286	55.5	0.0042862	122.384
400	4	0.2286	55.5	0.0042862	123.274
3150	0	0.3048	31.7	0.00331266	119.135
4000	7.3	0.2286	39.6	0.0123481	114.079
2000	7.3	0.2286	31.7	0.0132672	115.309
400	3	0.3048	39.6	0.00495741	125.472
1000	0	0.2286	39.6	0.00253511	130.435
1000	5.3	0.2286	39.6	0.00614329	125.581
4000	4	0.3048	71.3	0.00497773	119.535
400	5.4	0.1524	39.6	0.00485029	127.637
1250	2	0.2286	39.6	0.00346574	128.257
8000	0	0.0508	31.7	0.000812164	126.59
10000	0	0.0508	31.7	0.000812164	122.45
2500	7.3	0.2286	39.6	0.0123481	116.559
12500	0	0.0508	55.5	0.00076193	125.376
630	0	0.1524	55.5	0.00172668	123.583
1600	7.2	0.1524	71.3	0.00752039	130.893
250	4	0.2286	31.7	0.00509068	120.189
315	12.6	0.1524	71.3	0.0483159	128.484
2500	2	0.2286	71.3	0.00293031	127.006
400	1.5	0.3048	39.6	0.00392107	124.001
12500	4.2	0.0508	71.3	0.00142788	117.328
6300	1.5	0.3048	39.6	0.00392107	114.751
1000	7.2	0.1524	39.6	0.00909175	128.338
1600	7.2	0.1524	39.6	0.00909175	120.058
3150	7.3	0.2286	39.6	0.0123481	114.309
4000	2.7	0.1524	39.6	0.00294804	121.889
1600	2	0.2286	31.7	0.00372371	125.797
800	0	0.0508	39.6	0.000791822	126.508
5000	7.3	0.2286	71.3	0.0104404	115.298
10000	0	0.0508	55.5	0.00076193	127.636
315	1.5	0.3048	39.6	0.00392107	121.851
1600	3	0.3048	39.6	0.00495741	122.782
630	4	0.3048	39.6	0.00579636	131.073
800	5.4	0.1524	39.6	0.00485029	132.757
1600	8.4	0.0508	71.3	0.00529514	133.846
1250	7.2	0.1524	71.3	0.00752039	132.513
500	5.4	0.1524	55.5	0.00433288	129.367
630	0	0.1524	31.7	0.00209405	125.997
4000	9.9	0.1524	71.3	0.0193001	115.079
16000	0	0.2286	71.3	0.00214345	114.984
1250	0	0.1524	39.6	0.00193287	131.023
2000	5.4	0.1524	31.7	0.00525474	122.771
315	0	0.2286	31.7	0.0027238	120.595
3150	3	0.3048	71.3	0.00425727	121.514
500	5.3	0.2286	39.6	0.00614329	132.251
500	7.3	0.2286	31.7	0.0132672	128.169
1600	0	0.3048	71.3	0.00266337	127.591
2500	4	0.3048	39.6	0.00579636	120.233
400	5.4	0.1524	31.7	0.00525474	127.781
500	5.4	0.1524	39.6	0.00485029	129.937
6300	9.9	0.1524	39.6	0.0233328	109.885
1600	9.9	0.1524	55.5	0.0208438	119.875
630	7.2	0.1524	39.6	0.00909175	133.198
800	7.3	0.2286	55.5	0.0111706	128.444
630	5.4	0.1524	31.7	0.00525474	131.471
1600	1.5	0.3048	39.6	0.00392107	122.211
12500	0	0.1524	71.3	0.0015988	117.087
500	7.3	0.2286	39.6	0.0123481	130.299
1000	9.9	0.1524	55.5	0.0208438	124.665
400	0	0.2286	31.7	0.0027238	123.635
315	7.3	0.2286	31.7	0.0132672	130.239
1000	12.6	0.1524	39.6	0.0584113	114.67
315	7.2	0.1524	39.6	0.00909175	130.558
4000	5.4	0.1524	71.3	0.00401199	121.431
6300	7.3	0.2286	55.5	0.0111706	111.534
12500	4	0.2286	71.3	0.00400603	114.258
2500	9.9	0.1524	71.3	0.0193001	119.639
500	4	0.2286	39.6	0.00473801	127.039
4000	12.6	0.1524	39.6	0.0584113	104.5
3150	2	0.2286	71.3	0.00293031	126.116
800	4	0.2286	55.5	0.0042862	131.864
1600	3	0.3048	55.5	0.00452492	124.439
2500	5.4	0.1524	31.7	0.00525474	119.151
4000	0	0.2286	71.3	0.00214345	125.824
5000	0	0.1524	71.3	0.0015988	126.457
630	4	0.3048	71.3	0.00497773	131.615
1000	1.5	0.3048	39.6	0.00392107	127.581
3150	12.6	0.1524	39.6	0.0584113	106.26
8000	0	0.3048	55.5	0.00283081	116.476
1600	0	0.0508	55.5	0.00076193	128.576
2500	9.9	0.1524	31.7	0.0252785	114.729
8000	1.5	0.3048	39.6	0.00392107	112.251
315	0	0.3048	39.6	0.00310138	122.779
8000	4	0.3048	71.3	0.00497773	113.665
315	5.4	0.1524	39.6	0.00485029	125.347
8000	0	0.0508	55.5	0.00076193	130.156
6300	0	0.3048	31.7	0.00331266	113.775
8000	0	0.2286	71.3	0.00214345	118.024
250	12.6	0.1524	71.3	0.0483159	129.744
3150	0	0.0508	55.5	0.00076193	134.826
315	4	0.2286	39.6	0.00473801	122.229
800	5.4	0.1524	71.3	0.00401199	131.281
500	5.4	0.1524	31.7	0.00525474	129.681
630	1.5	0.3048	39.6	0.00392107	128.311
1250	0	0.1524	55.5	0.00172668	129.953
2000	0	0.2286	39.6	0.00253511	125.305
315	4	0.2286	31.7	0.00509068	123.609
4000	4.2	0.0508	71.3	0.00142788	133.598
8000	4	0.2286	39.6	0.00473801	113.129
1250	0	0.1524	71.3	0.0015988	128.927
4000	3	0.3048	55.5	0.00452492	118.689
1000	5.4	0.1524	39.6	0.00485029	130.507
1000	0	0.3048	55.5	0.00283081	126.966
3150	0	0.3048	71.3	0.00266337	125.201
1250	0	0.2286	55.5	0.00229336	127.91
3150	0	0.0508	39.6	0.000791822	135.938
2500	12.6	0.1524	71.3	0.0483159	115.234
6300	0	0.2286	55.5	0.00229336	118.41
1250	5.4	0.1524	31.7	0.00525474	123.991
1600	7.3	0.2286	39.6	0.0123481	121.059
630	9.9	0.1524	71.3	0.0193001	129.889
2000	5.3	0.2286	71.3	0.0051942	125.89
200	7.3	0.2286	31.7	0.0132672	128.679
500	0	0.3048	31.7	0.00331266	127.315
800	3	0.3048	31.7	0.00529514	128.708
3150	0	0.2286	31.7	0.0027238	123.445
315	5.4	0.1524	31.7	0.00525474	125.741
